MP_SLIPIP_DSLIP_val = [
52.70	27.78	13.37	4.23	1.63	66.52	169.78	264.89	312.87;
61.50	34.77	14.26	5.80	2.17	59.39	151.61	216.79	256.10;
65.86	38.26	15.14	6.07	2.45	57.02	145.52	198.65	234.68;
70.26	41.72	16.04	6.34	2.72	54.64	139.45	181.30	214.14;
74.61	45.19	17.39	6.59	2.99	49.66	128.57	164.72	194.60;
79.03	48.68	18.73	6.85	3.26	44.90	118.22	148.99	175.99;
83.46	52.15	20.52	7.12	3.54	40.39	108.29	134.03	158.31;
87.84	55.62	22.29	7.38	3.82	38.00	103.92	126.14	149.01;
96.62	62.57	26.74	7.90	4.36	33.25	95.26	118.25	139.68;
96.62	62.57	26.74	7.90	4.36	33.25	95.26	118.25	139.68;
96.62	62.57	26.74	7.90	4.36	33.25	95.26	118.25	139.68];


MP_SLIPIP_DSLIP_x1 = [0.0 20.0 40.0 60.0 70.0 80.0 90.0 100.0 110.0 120.0 140.0];

MP_SLIPIP_DSLIP_x2 = [-4.0 -2.0 -1.0 -0.6 0.0 0.1 0.5 3.0 5.0];

%%
MP_SLIPPP_DSLIP_val = [
-12.00	-8.00	-4.00	-3.00	-2.00	0.00	2.00	4.00	10.00;
-12.00	-8.00	-4.00	-3.00	-2.00	0.00	2.00	4.00	10.00;
-12.00	-8.00	-4.00	-3.00	-2.00	0.00	2.00	4.00	10.00;
-12.00	-8.00	-4.00	-3.00	-2.00	0.00	2.00	4.00	10.00;
-13.20	-8.80	-4.40	-3.30	-2.20	0.00	1.80	3.60	9.00;
-14.52	-9.68	-4.84	-3.64	-2.42	0.00	1.62	3.24	8.10;
-15.98	-10.64	-5.32	-4.00	-2.66	0.00	1.46	2.92	7.28;
-17.58	-11.70	-5.86	-4.40	-2.92	0.00	1.32	2.62	6.56;
-19.34	-12.86	-6.44	-4.84	-3.22	0.00	1.18	2.36	5.90;
-21.28	-14.14	-7.08	-5.32	-3.54	0.00	1.06	2.12	5.30;
-23.40	-15.56	-7.78	-5.86	-3.90	0.00	0.96	1.90	4.76];

MP_SLIPPP_DSLIP_x1 = [0.0 20.0 40.0 60.0 70.0 80.0 90.0 100.0 110.0 120.0 140.0];
    
MP_SLIPPP_DSLIP_x2 = [-4.0 -2.0 -1.0 -0.6 0.0 0.1 0.5 3.0 5.0];

%%
MP_SLIP_val = [
17.01	16.81	16.48	16.08	15.63	15.12	14.57	13.98	13.36	12.71	12.03	11.31	10.58;
14.11	13.66	13.16	12.62	12.33	12.04	11.73	11.42	11.10	10.78	10.44	10.11	9.76;
12.30	11.90	11.45	10.96	10.70	10.44	10.16	9.89	9.60	9.31	9.01	8.71	8.40;
9.81	9.48	9.11	8.71	8.50	8.29	8.06	7.84	7.60	7.36	7.11	6.87	6.61;
7.16	6.91	6.64	6.34	6.18	6.02	5.85	5.68	5.51	5.33	5.14	4.96	4.76;
4.80	4.63	4.45	4.25	4.14	4.03	3.92	3.81	3.69	3.57	3.44	3.32	3.19;
3.15	3.04	2.92	2.79	2.72	2.65	2.58	2.50	2.42	2.35	2.27	2.18	2.10;
2.10	2.03	1.95	1.87	1.83	1.78	1.73	1.68	1.63	1.58	1.52	1.47	1.41;
1.69	1.63	1.57	1.50	1.47	1.43	1.39	1.35	1.31	1.27	1.23	1.19	1.14];

MP_SLIP_x1 = [0.000 0.500 0.750 1.000 1.250 1.500 1.750 2.000 2.500]./2.5.*100;
    
MP_SLIP_x2 = [0	1	2	3	4	5	6	7	8	9	10	11	12];



